46
47
251
90
140
122
44
73
41
180
98
42
87
43
207
6
15
166
222
70
133
56
137
88
241
242
37
205
190
135
132
182
75
211
215
103
69
165
245
134
236
212
148
204
23
108
94
5
34
232
146
22
97
63
93
181
78
53
101
19
186
89
85
142
95
173
128
9
118
83
109
100
104
167
189
25
153
227
91
12
61
33
151
66
176
250
71
209
157
192
225
119
11
159
13
230
249
213
163
231
102
131
196
28
174
99
155
216
1
187
197
60
198
138
59
144
32
178
172
158
125
247
202
233
39
228
72
24
55
210
177
80
170
10
115
183
168
235
217
255
114
139
203
160
121
82
195
36
234
218
191
45
254
130
92
206
14
17
152
86
49
150
51
116
111
223
126
67
175
31
224
52
220
58
48
105
239
185
29
50
107
21
240
156
200
84
141
77
110
226
143
3
149
113
161
20
244
4
179
164
208
229
252
74
147
64
76
40
81
162
248
145
16
214
26
30
68
117
243
127
8
7
154
129
246
27
96
219
188
169
221
62
120
194
106
57
38
112
237
65
201
193
136
253
2
199
184
238
18